102.211
114.033
144.111
107.178
100.015
140.024
96.133
137.958
102.998
88.335
120.274
105.049
111.943
102.061
124.959
91.97
123.897
124.896
89.391
94.419
99.961
75.014
91.006
107.01
96.097
106.066
120.048
108.05
106.966
127.95
103.956
100.027
119.964
99.895
96.964
102.46
114.011
103.073
98.994
168.154
140.048
97.028
141.212
122.049
128.133
102.046
150.036
99.063
100.074
102.023
110.017
118.159
100.954
114.966
120.033
114.945
109.919
95.045
100.001
98.94
112.503
99.026
100.007
146.067
130.003
153.068
125.978
140.022
130.049
130.032
126.816
162.898
119.958
121.978
140.064
80.605
175.957
97.062
159.786
175.984
143.983
170.142
145.968
104.991
180.165
135.959
79.993
77.176
139.968
150.06
80.02
96.84
93.35
153.727
137.184
137.033
125.022
132.064
82.064
93.066
135.995
102.012
95.063
139.913
97.985
102.05
160.319
105.067
125.066
138.015
108.05
119.842
124.957
122.813
124.948
121.021
117.965
137.958
126.007
111.961
112.049
125.905
122.015
133.002
122.098
109.991
123.07
126.094
109.989
117.999
124.041
122.015
128.133
126.051
127.992
122.018
125.964
127.072
119.858
119.964
124.08
127.961
124.016
99.026
202.006
190.069
130.003
104.991
95.832
203.911
99.947
96.507
102.055
97.07
102.482
190.089
99.969
101.975
125.053
106.008
144.983
104.025
86.003
103.312
107.019
150.062
145.054
154.983
191.971
164.091
143.027
97.009
131.497
149.953
101.965
142.009
100.003
128.952
99.997
99.075
159.949
119.958
80.02
150.051
170.084
153.983
93.99
147.031
93.023
149.897
100.021
144.981
160.007
105.009
94.513
137.033
160.153
137.184
125.066
130.049
77.176
102.012
159.786
126.816
102.05
97.985
105.131
175.984
95.948
91.497
96.946
128.981
94.999
130.023
175.957
149.996
106.114
145.005
96.986
94.984
150.005
103.45
99.541
130.252
142.472
81.774
171.796
162.861
146.009
88.017
139.928
86.721
144.024
173.926
106.116
114.992
123.995
93.281
125.173
171.297
102.113
103.955
128.059
104.023
78.511
94.332
100.55
139.947
92.057
95.187
96.792
179.814
98.994
114.043
124.08
120.026
122.015
183.906
117.851
121.969
125.03
119.998
123.989
120.274
117.129
100.001
121.995
124.963
140.024
122.987
122.132
123.998
119.965
121.998
119.964
124.951
126.981
123.012
124.958
174.035
122.821
127.95
125.005
123.974
125.015
123.969
109.998
127.952
123.068
123.982
119.91
123.001
175.098
122.025
125.956
108.032
123.995
114.028
125.027
122.877
124.016
121.044
144.969
129.98
117.924
120.087
110.835
173.827
143.975
127.995
144.218
111.978
120.033
98.037
140.005
121.784
159.866
146.917
76.049
135.033
62.514
128.219
170.397
95.075
111.025
80.095
108.045
133.485
160.315
190.043
138.596
80.516
111.739
110.002
120.139
131.004
125.969
109.041
127.082
167.985
103.903
108.326
119.978
115.01
100.016
163.255
135.596
103.192
111.049
116.009
90.052
141.986
102.021
102.093
120.037
112.015
108.279
67.54
124.832
101.008
115.987
124.996
104.03
101.854
136.899
189.441
81.883
156.004
128.047
132.267
96.387
105.946
122.995
118.998
103.038
95.99
90.854
114.066
117.999
128.133
140.024
123.952
140.036
123.994
124.957
122.015
121.799
122.027
125.05
124.994
117.948
123.969
125.984
126.0
113.92
151.891
122.813
129.939
144.039
159.049
125.03
120.022
125.047
125.157
125.905
127.072
120.033
138.091
127.992
119.896
118.159
133.002
127.997
122.801
125.936
127.122
116.073
128.005
127.978
128.035
125.985
128.121
124.08
122.079
124.018
139.191
165.158
114.512
127.222
178.873
164.022
85.126
114.02
99.31
189.394
123.679
99.437
127.224
98.412
133.39
105.929
127.67
142.156
122.446
103.783
168.169
169.964
100.66
134.303
160.058
145.624
130.577
131.18
84.989
120.353
108.736
125.437
116.172
99.678
135.448
127.361
176.647
80.823
141.47
141.169
150.818
118.693
92.726
87.559
105.538
138.158
91.439
178.946
155.608
177.365
83.18
95.826
135.653
89.939
85.362
139.72
120.059
98.429
77.81
165.007
113.713
108.177
113.618
117.486
124.194
135.811
116.109
115.646
113.808
109.535
117.312
137.148
94.379
118.852
89.494
92.697
126.737
111.346
127.657
160.9
146.347
137.575
142.913
145.439
118.33
108.705
129.878
126.535
125.145
131.435
90.767
131.75
118.56
81.394
127.402
105.266
138.923
139.352
122.428
139.131
162.2
161.933
159.591
157.706
163.058
159.99
159.975
158.073
157.871
161.842
161.841
161.87
156.956
158.29
157.326
159.001
163.148
160.774
161.292
164.79
159.932
155.473
158.005
161.944
156.48
162.374
160.27
161.928
157.857
159.081
159.961
161.977
156.754
160.036
157.985
160.987
157.984
160.945
157.948
155.9
158.019
155.995
157.411
161.451
159.713
158.309
159.88
162.463
158.946
162.376
136.004
125.983
150.074
100.042
95.707
104.971
95.948
104.93
122.948
127.961
109.998
99.907
160.044
103.073
141.994
106.914
138.019
106.971
155.186
169.917
108.009
95.961
120.003
115.993
149.964
121.976
120.012
121.03
125.005
117.996
122.011
155.08
150.029
154.229
104.968
112.468
102.924
100.042
127.991
105.052
102.0
112.946
107.053
100.055
125.057
79.943
124.989
104.99
150.01
120.975
168.385
170.008
135.954
95.045
102.95
135.064
88.992
139.432
85.979
128.01
117.089
98.007
107.965
114.025
98.932
80.994
85.014
114.101
88.955
99.987
133.963
128.035
105.967
128.02
123.063
125.032
80.025
163.991
127.033
120.025
122.025
99.997
125.99
127.991
122.016
118.004
139.841
94.979
149.882
151.913
93.066
131.968
196.133
122.987
121.928
142.992
100.033
92.985
139.992
139.979
110.049
121.985
86.854
75.797
120.97
113.979
154.941
134.962
119.999
138.04
123.063
121.034
135.553
107.951
123.002
120.016
98.02
127.975
119.941
103.027
100.209
120.462
99.955
148.075
124.025
102.541
98.88
145.889
100.014
113.055
150.032
122.121
97.001
105.006
94.997
111.066
105.005
167.939
127.977
100.001
116.998
100.025
108.061
115.494
107.991
130.075
101.017
81.946
104.018
100.315
111.977
91.974
122.916
98.022
188.386
100.269
112.937
127.316
132.709
138.896
126.341
73.71
144.747
124.005
169.39
135.3
159.669
135.653
124.127
137.148
145.928
108.531
137.377
137.575
115.715
133.519
80.544
125.145
163.015
81.394
89.837
141.175
81.4
136.345
113.375
109.979
116.997
115.152
121.38
165.007
111.457
114.385
138.205
128.262
142.167
123.67
148.192
136.891
93.584
113.805
133.449
137.335
146.347
163.017
97.874
176.894
175.068
129.994
114.169
119.993
173.737
96.653
180.348
111.158
113.893
87.961
137.263
141.018
126.748
108.217
109.535
141.169
111.676
80.823
130.318
141.038
90.569
126.367
145.405
134.364
128.589
97.161
135.966
164.019
149.186
121.472
126.343
146.591
128.067
125.398
134.992
176.701
158.947
89.494
120.229
124.011
128.662
125.811
147.245
117.528
113.618
140.079
89.839
138.206
169.936
110.008
128.016
127.992
122.977
143.998
135.0
122.033
122.025
127.985
127.967
142.031
129.992
124.01
127.101
126.035
127.075
179.968
163.834
126.987
127.086
155.047
107.972
128.008
127.941
128.63
120.162
77.506
125.984
128.044
127.076
127.008
128.024
128.051
127.993
128.061
119.902
130.003
128.013
126.035
113.43
133.047
119.932
122.668
119.968
137.968
130.018
192.118
126.057
128.033
127.882
130.036
130.003
127.946
127.232
130.028
144.981
127.949
122.05
127.937
126.05
181.009
94.006
100.042
127.975
105.001
126.996
105.078
128.016
125.958
128.014
82.439
127.962
124.031
125.011
123.052
124.994
95.967
112.012
98.062
91.054
124.939
103.647
98.018
116.959
88.917
125.84
66.002
105.144
122.98
115.016
130.048
127.938
122.951
193.437
120.069
126.064
160.02
107.03
130.993
128.063
92.078
123.069
121.986
89.542
173.914
110.051
168.461
128.047
176.836
128.162
100.1
135.925
105.264
152.042
145.14
117.13
111.926
125.998
145.069
126.113
128.022
128.013
127.988
108.524
172.046
149.93
125.979
142.123
128.01
130.089
173.981
149.971
176.046
101.015
140.035
112.983
126.077
128.044
169.977
168.131
126.083
99.603
139.927
127.992
118.894
127.941
128.004
124.956
175.084
127.987
128.086
98.005
174.036
151.046
126.023
127.95
128.076
127.956
127.951
128.001
128.003
128.019
119.979
82.439
122.552
174.974
151.468
118.998
123.035
100.004
128.085
122.987
116.001
128.028
120.03
120.015
126.017
127.981
105.002
99.999
128.045
114.955
100.007
127.979
127.94
164.112
129.989
128.019
129.901
130.01
128.005
128.067
128.018
128.035
127.991
120.008
127.871
100.033
115.987
123.963
115.971
122.015
124.013
124.01
113.92
123.063
114.011
104.912
89.972
127.941
117.996
119.991
118.159
120.026
121.993
92.022
121.974
119.984
102.023
122.381
159.034
120.055
105.058
119.006
204.198
92.993
193.334
173.978
124.958
100.064
109.063
124.994
109.998
124.999
114.063
113.999
110.055
124.994
119.984
124.001
100.036
111.968
119.946
100.071
99.947
119.896
123.994
113.857
170.087
113.956
123.994
100.039
74.938
96.962
114.996
123.024
96.964
122.055
124.01
106.031
102.006
119.969
119.993
92.933
104.988
126.178
100.03
144.039
119.214
120.018
98.23
121.953
125.018
100.025
123.075
105.015
120.026
95.709
120.001
98.011
117.973
114.025
114.988
179.998
115.057
128.047
107.889
120.031
132.098
159.911
123.974
170.169
105.039
112.99
100.016
121.994
166.3
122.985
142.989
153.659
129.699
145.009
176.091
118.877
114.027
129.925
147.245
173.975
121.01
127.916
128.013
119.982
124.97
129.929
126.004
147.708
170.138
120.017
127.963
138.118
105.989
120.012
128.047
114.007
155.047
107.021
119.896
122.987
187.961
144.014
133.004
118.989
130.026
125.994
111.979
125.002
126.99
116.969
135.944
191.98
128.097
87.508
100.01
149.882
123.963
122.006
126.008
123.977
89.976
124.022
89.974
158.777
124.979
159.803
113.03
103.981
117.856
113.999
135.002
129.996
110.169
119.999
91.945
127.02
127.489
201.753
97.988
96.009
104.957
129.956
105.017
124.031
120.034
119.878
93.44
125.002
99.991
186.249
120.004
98.994
114.043
124.08
120.026
122.015
183.906
117.851
121.969
125.03
119.998
123.989
120.274
117.129
100.001
121.995
124.963
140.024
122.987
122.132
123.998
119.965
121.998
119.964
124.951
126.981
123.012
124.958
174.035
122.821
127.95
125.005
123.974
125.015
123.969
109.998
127.952
123.068
123.982
119.91
123.001
175.098
122.025
125.956
108.032
123.995
114.028
125.027
122.877
124.016
121.044
111.918
115.715
129.93
142.171
108.531
172.424
108.736
177.784
115.692
122.818
160.218
87.467
108.873
101.968
122.761
100.269
188.386
162.721
125.145
138.923
81.4
136.282
116.997
169.492
124.011
93.503
102.144
132.31
79.026
145.928
97.782
102.997
110.018
120.119
122.541
120.01
130.141
79.954
134.071
148.64
174.116
127.697
104.998
96.144
117.051
159.508
122.429
125.822
120.059
100.464
132.693
77.641
95.963
81.527
123.179
119.038
149.025
149.368
144.956
174.442
117.928
106.177
131.715
79.991
123.257
106.811
132.864
128.374
122.521
79.495
132.41
152.447
125.822
118.362
126.672
124.573
160.555
140.286
95.947
145.267
120.459
128.072
139.942
95.252
102.04
101.018
114.988
122.925
100.017
120.032
157.98
98.02
104.012
154.228
82.695
121.998
160.02
101.972
191.944
134.066
106.97
123.964
164.068
106.894
103.99
118.016
89.976
113.03
126.079
116.998
172.741
96.009
179.984
100.209
119.001
104.992
118.999
159.073
95.977
116.073
109.959
105.115
101.965
100.041
117.973
135.956
97.002
77.006
96.01
137.853
147.124
97.04
107.01
167.965
98.008
158.063
121.969
130.012
119.982
123.006
96.771
110.008
175.593
112.009
132.109
175.003
134.052
134.88
122.975
205.888
82.014
114.966
127.987
115.016
109.974
150.058
99.943
110.004
97.005
140.025
102.974
122.668
114.066
144.004
120.274
111.975
73.884
127.022
160.019
79.028
140.048
124.906
108.917
125.047
123.034
128.16
91.033
123.985
120.055
96.983
124.025
122.041
124.0
128.158
122.132
145.049
112.061
126.984
122.099
117.019
120.048
125.015
124.015
124.958
123.038
119.942
125.962
123.932
125.955
124.024
124.991
125.06
125.992
127.957
123.02
123.068
125.983
126.986
123.992
105.073
124.001
124.999
124.005
125.002
125.074
123.23
126.0
120.975
122.017
126.995
128.122
123.011
125.089
123.038
115.953
123.913
127.998
122.002
126.012
122.985
135.111
133.038
144.025
143.519
102.56
176.09
144.92
174.997
163.141
130.041
135.095
146.094
132.059
90.911
124.102
134.992
168.018
127.901
87.504
127.002
128.044
175.123
142.62
167.98
135.964
91.469
167.951
175.046
88.133
128.0
157.871
129.898
151.269
154.983
94.977
93.021
160.624
101.015
128.078
127.934
122.995
102.996
148.873
160.132
170.527
180.038
97.006
160.057
149.635
127.973
128.001
173.018
119.978
159.921
164.076
129.001
87.028
160.082
159.932
85.918
99.971
76.443
170.007
149.958
150.114
130.038
139.894
149.992
127.916
140.051
166.116
94.747
176.129
162.118
128.033
191.729
122.51
79.223
150.008
125.984
128.026
167.975
173.961
128.1
93.641
79.944
103.502
145.889
128.025
149.937
119.999
138.285
87.96
174.959
178.114
127.992
162.041
128.034
127.946
174.035
87.871
123.889
139.994
99.018
176.084
80.567
95.983
175.997
151.989
138.014
108.015
125.067
149.992
136.249
179.561
79.974
110.01
84.803
90.09
110.003
94.481
90.024
122.016
186.113
111.647
110.018
82.002
105.256
167.997
183.825
78.086
129.989
104.031
134.945
173.995
116.761
137.003
86.989
171.431
104.504
114.609
110.049
138.021
79.504
120.113
84.858
143.431
141.169
188.386
115.715
169.021
179.957
124.053
90.052
117.089
89.976
191.944
130.075
99.963
173.799
120.017
100.0
148.114
140.036
128.015
159.8
123.053
100.028
94.896
128.089
86.608
104.963
149.859
140.079
148.015
75.98
162.967
140.129
130.105
129.992
80.02
87.912
121.999
148.676
125.999
150.034
185.032
127.904
148.045
162.048
128.003
117.073
110.004
120.02
124.985
127.984
84.682
95.011
143.999
128.008
103.991
144.016
132.006
75.035
123.006
144.096
128.099
119.929
127.978
153.065
172.981
128.987
124.007
127.962
125.775
124.982
121.116
126.006
132.017
135.862
191.936
121.986
128.092
120.023
90.057
74.994
127.99
139.913
112.23
147.974
124.993
149.857
139.028
160.987
92.022
160.013
130.004
150.033
121.989
187.773
185.896
127.0
90.911
130.994
93.853
101.487
99.024
92.54
151.556
169.885
146.162
125.022
185.211
182.131
94.113
127.989
102.014
160.012
134.992
142.018
169.171
112.447
117.039
117.139
94.997
188.386
115.715
127.316
126.367
133.519
135.966
113.097
162.474
154.97
103.68
88.785
144.972
123.45
96.682
123.229
105.076
135.095
110.018
94.952
105.256
109.16
108.193
133.063
103.103
162.065
160.102
140.127
100.021
150.007
95.028
159.974
127.964
106.974
150.05
96.932
101.844
94.9
96.371
136.874
103.878
109.853
97.57
82.009
127.204
174.744
99.963
116.335
81.058
154.569
101.423
180.798
153.986
100.078
188.151
140.569
165.043
167.798
134.724
143.772
93.345
75.052
103.293
110.053
116.045
153.993
93.027
100.89
112.282
104.949
99.107
89.954
173.878
77.991
90.604
104.709
80.912
129.804
159.39
106.463
170.411
